set terminal png size 800,600
set output "tmp/all.png"
set xrange [0:50]
set title "Prob of timeout given current build time"
set ylabel "Probability"
set xlabel "Minute"
set key left top
plot '-' title 'control' with linespoints, '-' title 'upgradedVM' with linespoints, '-' title 'controlFridays' with linespoints, '-' title 'upgradedVMFridays' with linespoints, '-' title 'sinceRefactor' with linespoints, '-' title 'sinceRefactorFridays' with linespoints
1.0 0.07782732063234699
2.0 0.06451612903225808
3.0 0.06781914893617022
4.0 0.07006960556844548
5.0 0.0725338491295938
6.0 0.07401887729756583
7.0 0.07676455435342606
8.0 0.07882037533512065
9.0 0.0852803738317757
10.0 0.08895705521472394
11.0 0.09202851587815944
12.0 0.0897521768251842
13.0 0.08931082981715895
14.0 0.09516380655226209
15.0 0.09682804674457429
16.0 0.09792027729636049
17.0 0.10656517602283541
18.0 0.1175213675213675
19.0 0.14246575342465753
20.0 0.17024793388429754
21.0 0.1899441340782123
22.0 0.19488188976377954
23.0 0.21709006928406466
24.0 0.24289405684754523
25.0 0.28484848484848485
26.0 0.305921052631579
27.0 0.3321428571428572
28.0 0.37804878048780494
29.0 0.4305555555555556
30.0 0.4920634920634921
31.0 0.5344827586206896
32.0 0.6241610738255035
33.0 0.808695652173913
34.0 0.8532110091743119
35.0 0.8942307692307693
36.0 0.93
37.0 0.9489795918367349
38.0 0.9587628865979382
39.0 0.96875
40.0 0.96875
41.0 0.9789473684210528
42.0 0.9789473684210528
43.0 0.9789473684210528
44.0 0.9893617021276596
45.0 0.9893617021276596
46.0 0.9893617021276596
47.0 0.9893617021276596
48.0 0.9893617021276596
49.0 0.989247311827957
50.0 0.9850746268656717
ee
1.0 0.05511811023622047
2.0 0.05511811023622047
3.0 0.055999999999999994
4.0 0.055999999999999994
5.0 0.055999999999999994
6.0 0.04838709677419355
7.0 0.04838709677419355
8.0 0.04838709677419355
9.0 0.04838709677419355
10.0 0.04878048780487805
11.0 0.04878048780487805
12.0 0.04878048780487805
13.0 0.04878048780487805
14.0 0.04878048780487805
15.0 0.04098360655737705
16.0 0.04098360655737705
17.0 0.04098360655737705
18.0 0.04098360655737705
19.0 0.04098360655737705
20.0 0.04201680672268907
21.0 0.045454545454545456
22.0 0.0641025641025641
23.0 0.07042253521126761
24.0 0.07142857142857142
25.0 0.07142857142857142
26.0 0.07246376811594202
27.0 0.08620689655172413
28.0 0.11111111111111112
29.0 0.13157894736842105
30.0 0.14705882352941174
31.0 0.14705882352941174
32.0 0.15151515151515152
33.0 0.15625
34.0 0.17857142857142858
35.0 0.19230769230769232
36.0 0.19999999999999998
37.0 0.22727272727272727
38.0 0.45454545454545453
39.0 0.5
40.0 0.5555555555555556
41.0 0.5555555555555556
42.0 0.625
43.0 0.625
44.0 0.625
45.0 0.7142857142857143
46.0 0.7142857142857143
47.0 0.7142857142857143
48.0 0.7142857142857143
49.0 0.8333333333333334
50.0 1.0
ee
1.0 0.09545454545454546
2.0 0.07092198581560286
3.0 0.07323232323232325
4.0 0.07651715039577837
5.0 0.07887323943661971
6.0 0.08211143695014661
7.0 0.08641975308641975
8.0 0.08681672025723473
9.0 0.09375000000000001
10.0 0.09782608695652174
11.0 0.09811320754716982
12.0 0.09448818897637795
13.0 0.08571428571428573
14.0 0.08407079646017698
15.0 0.08411214953271028
16.0 0.08252427184466019
17.0 0.08994708994708994
18.0 0.09659090909090909
19.0 0.10416666666666669
20.0 0.12195121951219513
21.0 0.13274336283185842
22.0 0.1308411214953271
23.0 0.1276595744680851
24.0 0.1411764705882353
25.0 0.18181818181818182
26.0 0.18333333333333335
27.0 0.1929824561403509
28.0 0.22000000000000003
29.0 0.24444444444444444
30.0 0.2619047619047619
31.0 0.31428571428571433
32.0 0.3666666666666667
33.0 0.6111111111111112
34.0 0.7333333333333334
35.0 0.7333333333333334
36.0 0.9166666666666667
37.0 1.0
38.0 1.0
39.0 1.0
40.0 1.0
41.0 1.0
42.0 1.0
43.0 1.0
44.0 1.0
45.0 1.0
46.0 1.0
47.0 1.0
48.0 1.0
49.0 1.0
50.0 1.0
ee
1.0 0.15789473684210525
2.0 0.15789473684210525
3.0 0.15789473684210525
4.0 0.15789473684210525
5.0 0.15789473684210525
6.0 0.1111111111111111
7.0 0.1111111111111111
8.0 0.1111111111111111
9.0 0.1111111111111111
10.0 0.1111111111111111
11.0 0.1111111111111111
12.0 0.1111111111111111
13.0 0.1111111111111111
14.0 0.1111111111111111
15.0 0.1111111111111111
16.0 0.1111111111111111
17.0 0.1111111111111111
18.0 0.1111111111111111
19.0 0.1111111111111111
20.0 0.1111111111111111
21.0 0.125
22.0 0.1818181818181818
23.0 0.2222222222222222
24.0 0.2222222222222222
25.0 0.2222222222222222
26.0 0.2222222222222222
27.0 0.2222222222222222
28.0 0.25
29.0 0.25
30.0 0.25
31.0 0.25
32.0 0.25
33.0 0.25
34.0 0.25
35.0 0.2857142857142857
36.0 0.3333333333333333
37.0 0.5
38.0 0.5
39.0 0.6666666666666666
40.0 0.6666666666666666
41.0 0.6666666666666666
42.0 0.6666666666666666
43.0 0.6666666666666666
44.0 0.6666666666666666
45.0 0.6666666666666666
46.0 0.6666666666666666
47.0 0.6666666666666666
48.0 0.6666666666666666
49.0 1.0
50.0 1.0
ee
1.0 0.08353221957040573
2.0 0.06341463414634146
3.0 0.06419753086419754
4.0 0.06435643564356436
5.0 0.06951871657754011
6.0 0.06989247311827958
7.0 0.07162534435261708
8.0 0.07386363636363637
9.0 0.07975460122699386
10.0 0.0809968847352025
11.0 0.08125
12.0 0.08125
13.0 0.08125
14.0 0.08125
15.0 0.08125
16.0 0.08387096774193549
17.0 0.08996539792387544
18.0 0.0912280701754386
19.0 0.09352517985611511
20.0 0.09665427509293681
21.0 0.09923664122137406
22.0 0.10077519379844961
23.0 0.11403508771929825
24.0 0.12264150943396228
25.0 0.13471502590673576
26.0 0.1460674157303371
27.0 0.1625
28.0 0.1940298507462687
29.0 0.23636363636363636
30.0 0.2765957446808511
31.0 0.3170731707317073
32.0 0.42622950819672134
33.0 0.7027027027027027
34.0 0.8125
35.0 0.8965517241379312
36.0 0.9629629629629629
37.0 0.9629629629629629
38.0 0.9629629629629629
39.0 0.9629629629629629
40.0 0.9629629629629629
41.0 1.0000000000000002
42.0 1.0000000000000002
43.0 1.0000000000000002
44.0 1.0000000000000002
45.0 1.0000000000000002
46.0 1.0000000000000002
47.0 1.0000000000000002
48.0 1.0000000000000002
49.0 1.0000000000000002
50.0 1.0
ee
1.0 0.06741573033707865
e