0.09545454545454546
0.07092198581560286
0.07323232323232325
0.07651715039577837
0.07887323943661971
0.08211143695014661
0.08641975308641975
0.08681672025723473
0.09375000000000001
0.09782608695652174
0.09811320754716982
0.09448818897637795
0.08571428571428573
0.08407079646017698
0.08411214953271028
0.08252427184466019
0.08994708994708994
0.09659090909090909
0.10416666666666669
0.12195121951219513
0.13274336283185842
0.1308411214953271
0.1276595744680851
0.1411764705882353
0.18181818181818182
0.18333333333333335
0.1929824561403509
0.22000000000000003
0.24444444444444444
0.2619047619047619
0.31428571428571433
0.3666666666666667
0.6111111111111112
0.7333333333333334
0.7333333333333334
0.9166666666666667
1.0
1.0
1.0
1.0
1.0
1.0
1.0
1.0
1.0
1.0
1.0
1.0
1.0
1.0
NaN
NaN
NaN
NaN
NaN