0.07782732063234699
0.06451612903225808
0.06781914893617022
0.07006960556844548
0.0725338491295938
0.07401887729756583
0.07676455435342606
0.07882037533512065
0.0852803738317757
0.08895705521472394
0.09202851587815944
0.0897521768251842
0.08931082981715895
0.09516380655226209
0.09682804674457429
0.09792027729636049
0.10656517602283541
0.1175213675213675
0.14246575342465753
0.17024793388429754
0.1899441340782123
0.19488188976377954
0.21709006928406466
0.24289405684754523
0.28484848484848485
0.305921052631579
0.3321428571428572
0.37804878048780494
0.4305555555555556
0.4920634920634921
0.5344827586206896
0.6241610738255035
0.808695652173913
0.8532110091743119
0.8942307692307693
0.93
0.9489795918367349
0.9587628865979382
0.96875
0.96875
0.9789473684210528
0.9789473684210528
0.9789473684210528
0.9893617021276596
0.9893617021276596
0.9893617021276596
0.9893617021276596
0.9893617021276596
0.989247311827957
0.9850746268656717
0.0
0.0
0.0
0.0
0.0