0.05511811023622047
0.05511811023622047
0.055999999999999994
0.055999999999999994
0.055999999999999994
0.04838709677419355
0.04838709677419355
0.04838709677419355
0.04838709677419355
0.04878048780487805
0.04878048780487805
0.04878048780487805
0.04878048780487805
0.04878048780487805
0.04098360655737705
0.04098360655737705
0.04098360655737705
0.04098360655737705
0.04098360655737705
0.04201680672268907
0.045454545454545456
0.0641025641025641
0.07042253521126761
0.07142857142857142
0.07142857142857142
0.07246376811594202
0.08620689655172413
0.11111111111111112
0.13157894736842105
0.14705882352941174
0.14705882352941174
0.15151515151515152
0.15625
0.17857142857142858
0.19230769230769232
0.19999999999999998
0.22727272727272727
0.45454545454545453
0.5
0.5555555555555556
0.5555555555555556
0.625
0.625
0.625
0.7142857142857143
0.7142857142857143
0.7142857142857143
0.7142857142857143
0.8333333333333334
1.0
NaN
NaN
NaN
NaN
NaN