0.15789473684210525
0.15789473684210525
0.15789473684210525
0.15789473684210525
0.15789473684210525
0.1111111111111111
0.1111111111111111
0.1111111111111111
0.1111111111111111
0.1111111111111111
0.1111111111111111
0.1111111111111111
0.1111111111111111
0.1111111111111111
0.1111111111111111
0.1111111111111111
0.1111111111111111
0.1111111111111111
0.1111111111111111
0.1111111111111111
0.125
0.1818181818181818
0.2222222222222222
0.2222222222222222
0.2222222222222222
0.2222222222222222
0.2222222222222222
0.25
0.25
0.25
0.25
0.25
0.25
0.25
0.2857142857142857
0.3333333333333333
0.5
0.5
0.6666666666666666
0.6666666666666666
0.6666666666666666
0.6666666666666666
0.6666666666666666
0.6666666666666666
0.6666666666666666
0.6666666666666666
0.6666666666666666
0.6666666666666666
1.0
1.0
NaN
NaN
NaN
NaN
NaN