0.08353221957040573
0.06341463414634146
0.06419753086419754
0.06435643564356436
0.06951871657754011
0.06989247311827958
0.07162534435261708
0.07386363636363637
0.07975460122699386
0.0809968847352025
0.08125
0.08125
0.08125
0.08125
0.08125
0.08387096774193549
0.08996539792387544
0.0912280701754386
0.09352517985611511
0.09665427509293681
0.09923664122137406
0.10077519379844961
0.11403508771929825
0.12264150943396228
0.13471502590673576
0.1460674157303371
0.1625
0.1940298507462687
0.23636363636363636
0.2765957446808511
0.3170731707317073
0.42622950819672134
0.7027027027027027
0.8125
0.8965517241379312
0.9629629629629629
0.9629629629629629
0.9629629629629629
0.9629629629629629
0.9629629629629629
1.0000000000000002
1.0000000000000002
1.0000000000000002
1.0000000000000002
1.0000000000000002
1.0000000000000002
1.0000000000000002
1.0000000000000002
1.0000000000000002
1.0
NaN
NaN
NaN
NaN
NaN